,dia,name,diameter,velocidade,distancia
0,2024-12-07,159699 (2002 PQ142),1.7948988478,72345.1622168552,70365358.322901261
1,2024-12-07,(2011 PW6),1.1750057146,69661.0974126179,44020231.772108546
2,2024-12-07,(2017 FX101),0.0498930414,52307.0682035825,18927876.575423522
3,2024-12-07,(2018 XW2),0.0483103272,40332.697151971,23494681.285838789
4,2024-12-07,(2019 YS2),0.0225964377,55829.6690239717,47860227.498154153
5,2024-12-07,(2020 TJ7),0.0297879063,32610.0392071228,72369747.702863246
6,2024-12-07,(2021 RM3),0.0172202709,42150.9512525875,40344196.478446325
7,2024-12-07,(2021 WW),0.0831840342,83341.2116085764,70559146.31163481
8,2024-12-07,(2022 UC14),0.0069189466,17749.795593591,25105561.21793544
9,2024-12-06,(2004 CO49),0.2691782583,29707.9596178435,22601216.265066213
10,2024-12-06,(2016 XF18),0.0899580388,58751.8099834378,48466937.262996994
11,2024-12-06,(2021 TN1),0.0322136532,51682.0564973167,55210722.939585791
12,2024-12-06,(2021 XY1),0.0599846292,37345.2304703098,33878497.519451391
13,2024-12-05,(2008 YS27),0.3373183589,27732.1915722982,17402693.842995519
14,2024-12-05,(2009 KY1),0.1014004725,19965.6943510248,22605971.876635004
15,2024-12-05,(2017 WL1),0.3767384779,98431.0921095268,16418987.288057305
16,2024-12-05,(2021 UQ4),0.0820427065,35646.2021838305,52679320.78844157
17,2024-12-05,(2021 WA5),0.0207033192,21311.0816686244,3758699.44139598
18,2024-12-05,(2021 XN4),0.1014004725,47829.9186921229,6741878.58798225
19,2024-12-05,(2023 BJ7),0.0105205872,45732.2540562824,25499714.250797301
20,2024-12-05,(2023 GJ2),0.0446724713,55811.2361907024,69820203.668426255
21,2024-12-04,426071 (2012 CD29),0.6138185073,101280.2599657908,57288182.366923973
22,2024-12-04,(2017 UA8),0.3119176705,23725.9739902044,72043302.486445941
23,2024-12-04,(2017 WG14),0.0748238376,105169.1690746771,73392595.04450826
24,2024-12-04,(2018 HW1),0.0411187571,61485.6861474095,70091046.692597061
25,2024-12-04,(2018 HH2),0.1412667581,39271.6210947116,37624247.514903792
26,2024-12-04,(2019 BB5),0.0271668934,71709.4444148968,59027238.756342353
27,2024-12-04,(2019 LT5),0.1977151638,99854.7543874418,67693423.349247347
28,2024-12-04,(2020 XR),0.6730386097,44314.4752251908,2209273.536386405
29,2024-12-04,(2021 GP16),0.2432427915,90281.2148445478,69353970.342655904
30,2024-12-03,447755 (2007 JX2),0.6855513317,44001.3880412863,5532117.369488909
31,2024-12-03,523661 (2012 LF11),0.4130855266,59479.1463009953,67371038.233981629
32,2024-12-03,(2015 WY1),0.2301653685,55049.1738836436,58425081.987713175
33,2024-12-03,(2016 XJ2),0.0859092601,79673.8229934484,72648491.903095759
34,2024-12-03,(2020 KY),0.0342010925,21192.9023535966,48263806.273930678
35,2024-12-03,(2020 RD4),0.0068240151,38179.9182932543,44368192.40850563
36,2024-12-02,163899 (2003 SD220),1.8282685088,19731.7872081939,13215344.997502898
37,2024-12-02,523585 (1998 MW5),1.0865256386,41335.5163640508,44722883.542832736
38,2024-12-02,(2017 UV4),0.6824015094,54068.8730732744,28564760.876620432
39,2024-12-02,(2018 KT2),0.0247765013,20528.4724668187,50677704.190040248
40,2024-12-02,(2020 RA8),0.0859092601,66175.2826795872,68471221.690501843
41,2024-12-02,(2021 XZ),0.0135531417,26629.7445140989,5050660.096799712
42,2024-12-02,(2022 MO),0.4426291165,60343.4520041267,67466617.539827163
43,2024-12-02,(2022 WH4),0.099092316,70130.8217713324,66805063.101472142
44,2024-12-01,(2020 TH6),0.0103285648,16318.1711009965,23348834.013957133
45,2024-12-01,(2021 WL4),0.0937648318,36523.8855907873,9510680.037474752
46,2024-12-01,(2022 SY4),0.0185370226,35298.9670759371,24071366.384177955
